(0,i,1)
(0,r,2)
(0,E,3)
(0,P,4)
(1,m,-14)
(2,m,-13)
(3,m,5)
(4,#,0)
(5,(,6)
(6,),7)
(7,{,8)
(7,B,9)
(8,},-3)
(8,d,10)
(8,e,11)
(8,f,12)
(8,i,13)
(8,r,14)
(8,t,15)
(8,w,16)
(8,A,17)
(8,C,18)
(8,E,19)
(8,F,20)
(8,I,21)
(8,L,22)
(8,T,23)
(8,W,24)
(9,#,-1)
(10,=,25)
(11,(,26)
(12,(,27)
(13,d,-14)
(14,d,-13)
(15,(,28)
(16,(,29)
(17,d,-7)
(17,e,-7)
(17,f,-7)
(17,i,-7)
(17,r,-7)
(17,t,-7)
(17,w,-7)
(17,},-7)
(18,},30)
(19,d,31)
(20,;,32)
(21,d,-6)
(21,e,-6)
(21,f,-6)
(21,i,-6)
(21,r,-6)
(21,t,-6)
(21,w,-6)
(21,},-6)
(22,},-3)
(22,d,10)
(22,e,11)
(22,f,12)
(22,i,13)
(22,r,14)
(22,t,15)
(22,w,16)
(22,A,17)
(22,C,33)
(22,E,19)
(22,F,20)
(22,I,21)
(22,L,22)
(22,T,23)
(22,W,24)
(23,;,34)
(24,;,35)
(25,(,36)
(25,d,37)
(25,n,38)
(25,G,39)
(25,R,40)
(25,X,41)
(26,(,42)
(26,d,43)
(26,n,44)
(26,R,45)
(27,(,46)
(27,d,47)
(27,n,48)
(27,G,49)
(27,O,50)
(27,R,51)
(27,X,52)
(28,(,42)
(28,d,43)
(28,n,44)
(28,R,53)
(29,(,46)
(29,d,47)
(29,n,48)
(29,G,49)
(29,O,54)
(29,R,51)
(29,X,52)
(30,#,-2)
(31,=,55)
(32,d,-5)
(32,e,-5)
(32,f,-5)
(32,i,-5)
(32,r,-5)
(32,t,-5)
(32,w,-5)
(32,},-5)
(33,},-4)
(34,d,-9)
(34,e,-9)
(34,f,-9)
(34,i,-9)
(34,r,-9)
(34,t,-9)
(34,w,-9)
(34,},-9)
(35,d,-8)
(35,e,-8)
(35,f,-8)
(35,i,-8)
(35,r,-8)
(35,t,-8)
(35,w,-8)
(35,},-8)
(36,(,56)
(36,d,57)
(36,n,58)
(36,G,59)
(36,R,60)
(36,X,61)
(37,;,-25)
(37,*,-25)
(37,/,-25)
(37,+,-25)
(37,-,-25)
(38,;,-26)
(38,*,-26)
(38,/,-26)
(38,+,-26)
(38,-,-26)
(39,;,-19)
(39,+,-19)
(39,-,-19)
(39,*,62)
(39,/,63)
(40,;,-22)
(40,*,-22)
(40,/,-22)
(40,+,-22)
(40,-,-22)
(41,;,-12)
(41,+,64)
(41,-,65)
(42,(,56)
(42,d,57)
(42,n,58)
(42,G,59)
(42,R,60)
(42,X,66)
(43,),-25)
(44,),-26)
(45,),67)
(46,(,56)
(46,d,57)
(46,n,58)
(46,G,59)
(46,R,60)
(46,X,68)
(47,!,-25)
(47,&,-25)
(47,~,-25)
(47,.,-25)
(47,<,-25)
(47,>,-25)
(47,*,-25)
(47,/,-25)
(47,+,-25)
(47,-,-25)
(48,!,-26)
(48,&,-26)
(48,~,-26)
(48,.,-26)
(48,<,-26)
(48,>,-26)
(48,*,-26)
(48,/,-26)
(48,+,-26)
(48,-,-26)
(49,!,-19)
(49,&,-19)
(49,~,-19)
(49,.,-19)
(49,<,-19)
(49,>,-19)
(49,+,-19)
(49,-,-19)
(49,*,69)
(49,/,70)
(50,),71)
(51,!,-22)
(51,&,-22)
(51,~,-22)
(51,.,-22)
(51,<,-22)
(51,>,-22)
(51,*,-22)
(51,/,-22)
(51,+,-22)
(51,-,-22)
(52,!,72)
(52,&,73)
(52,+,74)
(52,~,75)
(52,-,76)
(52,.,77)
(52,<,78)
(52,>,79)
(52,i,1)
(52,r,2)
(52,E,80)
(52,P,81)
(52,S,82)
(53,),83)
(54,),84)
(55,(,36)
(55,d,37)
(55,n,38)
(55,G,39)
(55,R,40)
(55,X,85)
(56,(,56)
(56,d,57)
(56,n,58)
(56,G,59)
(56,R,60)
(56,X,86)
(57,),-25)
(57,*,-25)
(57,/,-25)
(57,+,-25)
(57,-,-25)
(58,),-26)
(58,*,-26)
(58,/,-26)
(58,+,-26)
(58,-,-26)
(59,),-19)
(59,+,-19)
(59,-,-19)
(59,*,87)
(59,/,88)
(60,),-22)
(60,*,-22)
(60,/,-22)
(60,+,-22)
(60,-,-22)
(61,),89)
(61,+,90)
(61,-,91)
(62,(,36)
(62,d,37)
(62,n,38)
(62,R,92)
(63,(,36)
(63,d,37)
(63,n,38)
(63,R,93)
(64,(,36)
(64,d,37)
(64,n,38)
(64,G,94)
(64,R,40)
(65,(,36)
(65,d,37)
(65,n,38)
(65,G,95)
(65,R,40)
(66,),96)
(66,+,90)
(66,-,91)
(67,;,-35)
(68,),97)
(68,+,90)
(68,-,91)
(69,(,46)
(69,d,47)
(69,n,48)
(69,R,98)
(70,(,46)
(70,d,47)
(70,n,48)
(70,R,99)
(71,d,10)
(71,e,11)
(71,f,100)
(71,i,13)
(71,r,14)
(71,t,15)
(71,w,101)
(71,{,102)
(71,A,103)
(71,B,104)
(71,E,19)
(71,F,105)
(71,I,106)
(71,L,107)
(71,T,108)
(71,W,109)
(72,(,-33)
(72,d,-33)
(72,n,-33)
(73,(,-32)
(73,d,-32)
(73,n,-32)
(74,(,46)
(74,d,47)
(74,n,48)
(74,G,110)
(74,R,51)
(75,(,-31)
(75,d,-31)
(75,n,-31)
(76,(,46)
(76,d,47)
(76,n,48)
(76,G,111)
(76,R,51)
(77,(,-29)
(77,d,-29)
(77,n,-29)
(78,(,-28)
(78,d,-28)
(78,n,-28)
(79,(,-30)
(79,d,-30)
(79,n,-30)
(80,m,112)
(81,(,0)
(81,d,0)
(81,n,0)
(82,(,56)
(82,d,57)
(82,n,58)
(82,G,59)
(82,R,60)
(82,X,113)
(83,;,-36)
(84,{,114)
(84,B,115)
(85,;,-11)
(85,+,64)
(85,-,65)
(86,),116)
(86,+,90)
(86,-,91)
(87,(,56)
(87,d,57)
(87,n,58)
(87,R,117)
(88,(,56)
(88,d,57)
(88,n,58)
(88,R,118)
(89,;,-27)
(89,*,-27)
(89,/,-27)
(89,+,-27)
(89,-,-27)
(90,(,56)
(90,d,57)
(90,n,58)
(90,G,119)
(90,R,60)
(91,(,56)
(91,d,57)
(91,n,58)
(91,G,120)
(91,R,60)
(92,;,-23)
(92,*,-23)
(92,/,-23)
(92,+,-23)
(92,-,-23)
(93,;,-24)
(93,*,-24)
(93,/,-24)
(93,+,-24)
(93,-,-24)
(94,;,-20)
(94,+,-20)
(94,-,-20)
(94,*,62)
(94,/,63)
(95,;,-21)
(95,+,-21)
(95,-,-21)
(95,*,62)
(95,/,63)
(96,),-27)
(97,!,-27)
(97,&,-27)
(97,~,-27)
(97,.,-27)
(97,<,-27)
(97,>,-27)
(97,*,-27)
(97,/,-27)
(97,+,-27)
(97,-,-27)
(98,!,-23)
(98,&,-23)
(98,~,-23)
(98,.,-23)
(98,<,-23)
(98,>,-23)
(98,*,-23)
(98,/,-23)
(98,+,-23)
(98,-,-23)
(99,!,-24)
(99,&,-24)
(99,~,-24)
(99,.,-24)
(99,<,-24)
(99,>,-24)
(99,*,-24)
(99,/,-24)
(99,+,-24)
(99,-,-24)
(100,(,121)
(101,(,122)
(102,},-3)
(102,d,10)
(102,e,11)
(102,f,12)
(102,i,13)
(102,r,14)
(102,t,15)
(102,w,16)
(102,A,17)
(102,C,123)
(102,E,19)
(102,F,20)
(102,I,21)
(102,L,22)
(102,T,23)
(102,W,24)
(103,;,-7)
(104,d,-16)
(104,e,-16)
(104,f,-16)
(104,i,-16)
(104,r,-16)
(104,t,-16)
(104,w,-16)
(104,},-16)
(104,s,124)
(105,;,125)
(106,;,-6)
(107,;,126)
(108,;,127)
(109,;,128)
(110,!,-20)
(110,&,-20)
(110,~,-20)
(110,.,-20)
(110,<,-20)
(110,>,-20)
(110,+,-20)
(110,-,-20)
(110,*,69)
(110,/,70)
(111,!,-21)
(111,&,-21)
(111,~,-21)
(111,.,-21)
(111,<,-21)
(111,>,-21)
(111,+,-21)
(111,-,-21)
(111,*,69)
(111,/,70)
(112,(,129)
(113,),-18)
(113,+,90)
(113,-,91)
(114,},-3)
(114,d,10)
(114,e,11)
(114,f,12)
(114,i,13)
(114,r,14)
(114,t,15)
(114,w,16)
(114,A,17)
(114,C,130)
(114,E,19)
(114,F,20)
(114,I,21)
(114,L,22)
(114,T,23)
(114,W,24)
(115,d,-34)
(115,e,-34)
(115,f,-34)
(115,i,-34)
(115,r,-34)
(115,t,-34)
(115,w,-34)
(115,},-34)
(116,),-27)
(116,*,-27)
(116,/,-27)
(116,+,-27)
(116,-,-27)
(117,),-23)
(117,*,-23)
(117,/,-23)
(117,+,-23)
(117,-,-23)
(118,),-24)
(118,*,-24)
(118,/,-24)
(118,+,-24)
(118,-,-24)
(119,),-20)
(119,+,-20)
(119,-,-20)
(119,*,87)
(119,/,88)
(120,),-21)
(120,+,-21)
(120,-,-21)
(120,*,87)
(120,/,88)
(121,(,46)
(121,d,47)
(121,n,48)
(121,G,49)
(121,O,131)
(121,R,51)
(121,X,52)
(122,(,46)
(122,d,47)
(122,n,48)
(122,G,49)
(122,O,132)
(122,R,51)
(122,X,52)
(123,},133)
(124,{,114)
(124,B,134)
(125,;,-5)
(126,d,-17)
(126,e,-17)
(126,f,-17)
(126,i,-17)
(126,r,-17)
(126,t,-17)
(126,w,-17)
(126,},-17)
(127,;,-9)
(128,;,-8)
(129,),135)
(130,},136)
(131,),137)
(132,),138)
(133,s,-2)
(133,d,-2)
(133,e,-2)
(133,f,-2)
(133,i,-2)
(133,r,-2)
(133,t,-2)
(133,w,-2)
(133,},-2)
(134,d,-15)
(134,e,-15)
(134,f,-15)
(134,i,-15)
(134,r,-15)
(134,t,-15)
(134,w,-15)
(134,},-15)
(135,{,139)
(135,B,140)
(136,d,-2)
(136,e,-2)
(136,f,-2)
(136,i,-2)
(136,r,-2)
(136,t,-2)
(136,w,-2)
(136,},-2)
(137,d,10)
(137,e,11)
(137,f,100)
(137,i,13)
(137,r,14)
(137,t,15)
(137,w,101)
(137,{,141)
(137,A,103)
(137,B,142)
(137,E,19)
(137,F,105)
(137,I,106)
(137,L,143)
(137,T,108)
(137,W,109)
(138,{,144)
(138,B,145)
(139,},-3)
(139,d,10)
(139,e,11)
(139,f,12)
(139,i,13)
(139,r,14)
(139,t,15)
(139,w,16)
(139,A,17)
(139,C,146)
(139,E,19)
(139,F,20)
(139,I,21)
(139,L,22)
(139,T,23)
(139,W,24)
(140,(,-1)
(140,d,-1)
(140,n,-1)
(141,},-3)
(141,d,10)
(141,e,11)
(141,f,12)
(141,i,13)
(141,r,14)
(141,t,15)
(141,w,16)
(141,A,17)
(141,C,147)
(141,E,19)
(141,F,20)
(141,I,21)
(141,L,22)
(141,T,23)
(141,W,24)
(142,;,-16)
(142,s,148)
(143,;,149)
(144,},-3)
(144,d,10)
(144,e,11)
(144,f,12)
(144,i,13)
(144,r,14)
(144,t,15)
(144,w,16)
(144,A,17)
(144,C,150)
(144,E,19)
(144,F,20)
(144,I,21)
(144,L,22)
(144,T,23)
(144,W,24)
(145,;,-34)
(146,},151)
(147,},152)
(148,{,144)
(148,B,153)
(149,;,-17)
(150,},154)
(151,(,-2)
(151,d,-2)
(151,n,-2)
(152,s,-2)
(152,;,-2)
(153,;,-15)
(154,;,-2)
